6.564062500000000000e+01
1.233476562500000000e+02
6.770312500000000000e+01
1.433632812500000000e+02
7.285937500000000000e+01
1.619492187500000000e+02
7.904687500000000000e+01
1.791054687500000000e+02
8.832812500000000000e+01
1.962617187500000000e+02
9.864062500000000000e+01
2.091289062500000000e+02
1.110156250000000000e+02
2.191367187500000000e+02
1.244218750000000000e+02
2.234257812500000000e+02
1.388593750000000000e+02
2.234257812500000000e+02
1.522656250000000000e+02
2.219960937500000000e+02
1.656718750000000000e+02
2.134179687500000000e+02
1.770156250000000000e+02
1.991210937500000000e+02
1.862968750000000000e+02
1.833945312500000000e+02
1.893906250000000000e+02
1.648085937500000000e+02
1.893906250000000000e+02
1.419335937500000000e+02
1.893906250000000000e+02
1.233476562500000000e+02
1.893906250000000000e+02
1.033320312500000000e+02
7.492187500000000000e+01
1.176289062500000000e+02
8.317187500000000000e+01
1.111953125000000000e+02
9.296875000000000000e+01
1.090507812500000000e+02
1.027656250000000000e+02
1.090507812500000000e+02
1.120468750000000000e+02
1.104804687500000000e+02
1.393750000000000000e+02
1.076210937500000000e+02
1.481406250000000000e+02
1.040468750000000000e+02
1.574218750000000000e+02
1.019023437500000000e+02
1.672187500000000000e+02
1.004726562500000000e+02
1.770156250000000000e+02
1.047617187500000000e+02
1.275156250000000000e+02
1.233476562500000000e+02
1.285468750000000000e+02
1.362148437500000000e+02
1.306093750000000000e+02
1.505117187500000000e+02
1.316406250000000000e+02
1.633789062500000000e+02
1.161718750000000000e+02
1.676679687500000000e+02
1.244218750000000000e+02
1.676679687500000000e+02
1.326718750000000000e+02
1.705273437500000000e+02
1.409218750000000000e+02
1.662382812500000000e+02
1.502031250000000000e+02
1.619492187500000000e+02
8.729687500000000000e+01
1.262070312500000000e+02
9.245312500000000000e+01
1.219179687500000000e+02
1.048281250000000000e+02
1.204882812500000000e+02
1.110156250000000000e+02
1.262070312500000000e+02
1.048281250000000000e+02
1.276367187500000000e+02
9.245312500000000000e+01
1.290664062500000000e+02
1.429843750000000000e+02
1.233476562500000000e+02
1.491718750000000000e+02
1.161992187500000000e+02
1.615468750000000000e+02
1.147695312500000000e+02
1.677343750000000000e+02
1.176289062500000000e+02
1.625781250000000000e+02
1.219179687500000000e+02
1.502031250000000000e+02
1.233476562500000000e+02
1.068906250000000000e+02
1.833945312500000000e+02
1.182343750000000000e+02
1.805351562500000000e+02
1.306093750000000000e+02
1.791054687500000000e+02
1.347343750000000000e+02
1.791054687500000000e+02
1.378281250000000000e+02
1.776757812500000000e+02
1.512343750000000000e+02
1.762460937500000000e+02
1.636093750000000000e+02
1.748164062500000000e+02
1.553593750000000000e+02
1.833945312500000000e+02
1.450468750000000000e+02
1.891132812500000000e+02
1.357656250000000000e+02
1.905429687500000000e+02
1.254531250000000000e+02
1.905429687500000000e+02
1.161718750000000000e+02
1.876835937500000000e+02
1.079218750000000000e+02
1.833945312500000000e+02
1.213281250000000000e+02
1.833945312500000000e+02
1.347343750000000000e+02
1.833945312500000000e+02
1.481406250000000000e+02
1.805351562500000000e+02
1.625781250000000000e+02
1.748164062500000000e+02
1.481406250000000000e+02
1.805351562500000000e+02
1.347343750000000000e+02
1.833945312500000000e+02
1.213281250000000000e+02
1.848242187500000000e+02
