5.741406250000000000e+01
1.050976562500000000e+02
5.741406250000000000e+01
1.305507812500000000e+02
5.642968750000000000e+01
1.517617187500000000e+02
5.938281250000000000e+01
1.743867187500000000e+02
6.922656250000000000e+01
1.927695312500000000e+02
8.202343750000000000e+01
2.054960937500000000e+02
9.580468750000000000e+01
2.139804687500000000e+02
1.105703125000000000e+02
2.210507812500000000e+02
1.243515625000000000e+02
2.224648437500000000e+02
1.351796875000000000e+02
2.196367187500000000e+02
1.460078125000000000e+02
2.125664062500000000e+02
1.548671875000000000e+02
2.026679687500000000e+02
1.627421875000000000e+02
1.899414062500000000e+02
1.686484375000000000e+02
1.758007812500000000e+02
1.735703125000000000e+02
1.602460937500000000e+02
1.745546875000000000e+02
1.432773437500000000e+02
1.745546875000000000e+02
1.277226562500000000e+02
7.907031250000000000e+01
9.661328125000000000e+01
9.039062500000000000e+01
9.590625000000000000e+01
1.022031250000000000e+02
9.732031250000000000e+01
1.135234375000000000e+02
1.015625000000000000e+02
1.243515625000000000e+02
1.043906250000000000e+02
1.465000000000000000e+02
1.093398437500000000e+02
1.543750000000000000e+02
1.093398437500000000e+02
1.617578125000000000e+02
1.100468750000000000e+02
1.686484375000000000e+02
1.107539062500000000e+02
1.745546875000000000e+02
1.164101562500000000e+02
1.351796875000000000e+02
1.220664062500000000e+02
1.351796875000000000e+02
1.319648437500000000e+02
1.351796875000000000e+02
1.418632812500000000e+02
1.351796875000000000e+02
1.517617187500000000e+02
1.154921875000000000e+02
1.560039062500000000e+02
1.243515625000000000e+02
1.588320312500000000e+02
1.322265625000000000e+02
1.630742187500000000e+02
1.381328125000000000e+02
1.616601562500000000e+02
1.450234375000000000e+02
1.602460937500000000e+02
8.792968750000000000e+01
1.149960937500000000e+02
9.383593750000000000e+01
1.121679687500000000e+02
1.086015625000000000e+02
1.149960937500000000e+02
1.145078125000000000e+02
1.206523437500000000e+02
1.076171875000000000e+02
1.220664062500000000e+02
9.285156250000000000e+01
1.192382812500000000e+02
1.450234375000000000e+02
1.263085937500000000e+02
1.519140625000000000e+02
1.220664062500000000e+02
1.627421875000000000e+02
1.248945312500000000e+02
1.666796875000000000e+02
1.305507812500000000e+02
1.617578125000000000e+02
1.319648437500000000e+02
1.509296875000000000e+02
1.305507812500000000e+02
9.678906250000000000e+01
1.715585937500000000e+02
1.105703125000000000e+02
1.687304687500000000e+02
1.273046875000000000e+02
1.687304687500000000e+02
1.312421875000000000e+02
1.687304687500000000e+02
1.351796875000000000e+02
1.701445312500000000e+02
1.440390625000000000e+02
1.743867187500000000e+02
1.509296875000000000e+02
1.786289062500000000e+02
1.450234375000000000e+02
1.871132812500000000e+02
1.371484375000000000e+02
1.927695312500000000e+02
1.282890625000000000e+02
1.927695312500000000e+02
1.174609375000000000e+02
1.885273437500000000e+02
1.056484375000000000e+02
1.828710937500000000e+02
9.777343750000000000e+01
1.715585937500000000e+02
1.135234375000000000e+02
1.715585937500000000e+02
1.302578125000000000e+02
1.743867187500000000e+02
1.401015625000000000e+02
1.758007812500000000e+02
1.499453125000000000e+02
1.800429687500000000e+02
1.401015625000000000e+02
1.842851562500000000e+02
1.292734375000000000e+02
1.842851562500000000e+02
1.125390625000000000e+02
1.800429687500000000e+02
