5.297265625000000000e+01
1.347500000000000000e+02
5.405859375000000000e+01
1.557500000000000000e+02
5.623046875000000000e+01
1.782500000000000000e+02
6.491796875000000000e+01
1.977500000000000000e+02
7.686328125000000000e+01
2.112500000000000000e+02
9.206640625000000000e+01
2.202500000000000000e+02
1.072695312500000000e+02
2.217500000000000000e+02
1.235585937500000000e+02
2.232500000000000000e+02
1.387617187500000000e+02
2.232500000000000000e+02
1.517929687500000000e+02
2.202500000000000000e+02
1.626523437500000000e+02
2.112500000000000000e+02
1.724257812500000000e+02
2.007500000000000000e+02
1.800273437500000000e+02
1.857500000000000000e+02
1.821992187500000000e+02
1.677500000000000000e+02
1.821992187500000000e+02
1.482500000000000000e+02
1.821992187500000000e+02
1.332500000000000000e+02
1.811132812500000000e+02
1.122500000000000000e+02
7.034765625000000000e+01
1.107500000000000000e+02
7.903515625000000000e+01
1.017500000000000000e+02
9.098046875000000000e+01
9.950000000000000000e+01
1.023828125000000000e+02
1.002500000000000000e+02
1.137851562500000000e+02
1.025000000000000000e+02
1.409335937500000000e+02
1.002500000000000000e+02
1.496210937500000000e+02
9.650000000000000000e+01
1.577656250000000000e+02
9.275000000000000000e+01
1.664531250000000000e+02
9.275000000000000000e+01
1.745976562500000000e+02
9.725000000000000000e+01
1.322460937500000000e+02
1.212500000000000000e+02
1.322460937500000000e+02
1.302500000000000000e+02
1.344179687500000000e+02
1.407500000000000000e+02
1.355039062500000000e+02
1.497500000000000000e+02
1.192148437500000000e+02
1.587500000000000000e+02
1.268164062500000000e+02
1.602500000000000000e+02
1.355039062500000000e+02
1.617500000000000000e+02
1.420195312500000000e+02
1.587500000000000000e+02
1.485351562500000000e+02
1.542500000000000000e+02
8.446484375000000000e+01
1.257500000000000000e+02
9.098046875000000000e+01
1.227500000000000000e+02
1.029257812500000000e+02
1.227500000000000000e+02
1.105273437500000000e+02
1.272500000000000000e+02
1.040117187500000000e+02
1.287500000000000000e+02
9.098046875000000000e+01
1.287500000000000000e+02
1.452773437500000000e+02
1.212500000000000000e+02
1.517929687500000000e+02
1.167500000000000000e+02
1.626523437500000000e+02
1.167500000000000000e+02
1.680820312500000000e+02
1.182500000000000000e+02
1.637382812500000000e+02
1.227500000000000000e+02
1.517929687500000000e+02
1.242500000000000000e+02
9.423828125000000000e+01
1.767500000000000000e+02
1.105273437500000000e+02
1.707500000000000000e+02
1.311601562500000000e+02
1.677500000000000000e+02
1.355039062500000000e+02
1.677500000000000000e+02
1.398476562500000000e+02
1.677500000000000000e+02
1.528789062500000000e+02
1.677500000000000000e+02
1.659101562500000000e+02
1.707500000000000000e+02
1.583085937500000000e+02
1.827500000000000000e+02
1.474492187500000000e+02
1.917500000000000000e+02
1.365898437500000000e+02
1.947500000000000000e+02
1.224726562500000000e+02
1.962500000000000000e+02
1.072695312500000000e+02
1.902500000000000000e+02
9.532421875000000000e+01
1.782500000000000000e+02
1.148710937500000000e+02
1.752500000000000000e+02
1.355039062500000000e+02
1.722500000000000000e+02
1.496210937500000000e+02
1.722500000000000000e+02
1.637382812500000000e+02
1.722500000000000000e+02
1.517929687500000000e+02
1.827500000000000000e+02
1.365898437500000000e+02
1.872500000000000000e+02
1.148710937500000000e+02
1.887500000000000000e+02
