5.741406250000000000e+01
1.026953125000000000e+02
5.642968750000000000e+01
1.285234375000000000e+02
5.642968750000000000e+01
1.502734375000000000e+02
5.938281250000000000e+01
1.720234375000000000e+02
6.725781250000000000e+01
1.896953125000000000e+02
8.005468750000000000e+01
2.046484375000000000e+02
9.383593750000000000e+01
2.141640625000000000e+02
1.086015625000000000e+02
2.182421875000000000e+02
1.243515625000000000e+02
2.196015625000000000e+02
1.351796875000000000e+02
2.155234375000000000e+02
1.440390625000000000e+02
2.073671875000000000e+02
1.528984375000000000e+02
1.951328125000000000e+02
1.607734375000000000e+02
1.842578125000000000e+02
1.676640625000000000e+02
1.706640625000000000e+02
1.716015625000000000e+02
1.557109375000000000e+02
1.735703125000000000e+02
1.407578125000000000e+02
1.745546875000000000e+02
1.258046875000000000e+02
7.907031250000000000e+01
9.861718750000000000e+01
8.989843750000000000e+01
9.453906250000000000e+01
1.017109375000000000e+02
9.657812500000000000e+01
1.135234375000000000e+02
1.006562500000000000e+02
1.238593750000000000e+02
1.040546875000000000e+02
1.484687500000000000e+02
1.108515625000000000e+02
1.558515625000000000e+02
1.101718750000000000e+02
1.627421875000000000e+02
1.101718750000000000e+02
1.696328125000000000e+02
1.101718750000000000e+02
1.745546875000000000e+02
1.162890625000000000e+02
1.361640625000000000e+02
1.230859375000000000e+02
1.361640625000000000e+02
1.339609375000000000e+02
1.361640625000000000e+02
1.448359375000000000e+02
1.361640625000000000e+02
1.557109375000000000e+02
1.164765625000000000e+02
1.584296875000000000e+02
1.243515625000000000e+02
1.597890625000000000e+02
1.322265625000000000e+02
1.638671875000000000e+02
1.391171875000000000e+02
1.638671875000000000e+02
1.450234375000000000e+02
1.611484375000000000e+02
8.792968750000000000e+01
1.149296875000000000e+02
9.482031250000000000e+01
1.122109375000000000e+02
1.095859375000000000e+02
1.149296875000000000e+02
1.145078125000000000e+02
1.217265625000000000e+02
1.086015625000000000e+02
1.230859375000000000e+02
9.383593750000000000e+01
1.203671875000000000e+02
1.450234375000000000e+02
1.271640625000000000e+02
1.509296875000000000e+02
1.217265625000000000e+02
1.627421875000000000e+02
1.244453125000000000e+02
1.676640625000000000e+02
1.285234375000000000e+02
1.627421875000000000e+02
1.312421875000000000e+02
1.499453125000000000e+02
1.312421875000000000e+02
9.580468750000000000e+01
1.720234375000000000e+02
1.105703125000000000e+02
1.706640625000000000e+02
1.273046875000000000e+02
1.706640625000000000e+02
1.312421875000000000e+02
1.706640625000000000e+02
1.351796875000000000e+02
1.720234375000000000e+02
1.430546875000000000e+02
1.747421875000000000e+02
1.489609375000000000e+02
1.774609375000000000e+02
1.440390625000000000e+02
1.856171875000000000e+02
1.371484375000000000e+02
1.910546875000000000e+02
1.292734375000000000e+02
1.910546875000000000e+02
1.174609375000000000e+02
1.869765625000000000e+02
1.056484375000000000e+02
1.815390625000000000e+02
9.678906250000000000e+01
1.720234375000000000e+02
1.145078125000000000e+02
1.747421875000000000e+02
1.312421875000000000e+02
1.761015625000000000e+02
1.391171875000000000e+02
1.774609375000000000e+02
1.479765625000000000e+02
1.774609375000000000e+02
1.391171875000000000e+02
1.815390625000000000e+02
1.302578125000000000e+02
1.815390625000000000e+02
1.135234375000000000e+02
1.774609375000000000e+02
